{
 "cells": [
  {
   "cell_type": "markdown",
   "metadata": {},
   "source": [
    "#### Import numpy, scipy, numpy.linalg, scipy.linalg"
   ]
  },
  {
   "cell_type": "code",
   "execution_count": 1,
   "metadata": {},
   "outputs": [],
   "source": [
    "import numpy as np\n",
    "import numpy.linalg as linalg\n",
    "import scipy\n",
    "import scipy.linalg"
   ]
  },
  {
   "cell_type": "markdown",
   "metadata": {},
   "source": [
    "#### Calculate hibert matrix and compare it with the library generated matrix"
   ]
  },
  {
   "cell_type": "code",
   "execution_count": 3,
   "metadata": {},
   "outputs": [],
   "source": [
    "m_size = 7"
   ]
  },
  {
   "cell_type": "code",
   "execution_count": 4,
   "metadata": {},
   "outputs": [],
   "source": [
    "hilbert_matrix = np.reshape([(1/(i+j+1)) for i in range(m_size) for j in range(m_size)],(m_size,m_size))"
   ]
  },
  {
   "cell_type": "code",
   "execution_count": 5,
   "metadata": {},
   "outputs": [
    {
     "name": "stdout",
     "output_type": "stream",
     "text": [
      "[[1.         0.5        0.33333333 0.25       0.2        0.16666667\n",
      "  0.14285714]\n",
      " [0.5        0.33333333 0.25       0.2        0.16666667 0.14285714\n",
      "  0.125     ]\n",
      " [0.33333333 0.25       0.2        0.16666667 0.14285714 0.125\n",
      "  0.11111111]\n",
      " [0.25       0.2        0.16666667 0.14285714 0.125      0.11111111\n",
      "  0.1       ]\n",
      " [0.2        0.16666667 0.14285714 0.125      0.11111111 0.1\n",
      "  0.09090909]\n",
      " [0.16666667 0.14285714 0.125      0.11111111 0.1        0.09090909\n",
      "  0.08333333]\n",
      " [0.14285714 0.125      0.11111111 0.1        0.09090909 0.08333333\n",
      "  0.07692308]]\n"
     ]
    }
   ],
   "source": [
    "print(hilbert_matrix)"
   ]
  },
  {
   "cell_type": "code",
   "execution_count": 6,
   "metadata": {},
   "outputs": [],
   "source": [
    "hilbert_matrix_linalg = scipy.linalg.hilbert(7)"
   ]
  },
  {
   "cell_type": "code",
   "execution_count": 7,
   "metadata": {},
   "outputs": [
    {
     "name": "stdout",
     "output_type": "stream",
     "text": [
      "[[0. 0. 0. 0. 0. 0. 0.]\n",
      " [0. 0. 0. 0. 0. 0. 0.]\n",
      " [0. 0. 0. 0. 0. 0. 0.]\n",
      " [0. 0. 0. 0. 0. 0. 0.]\n",
      " [0. 0. 0. 0. 0. 0. 0.]\n",
      " [0. 0. 0. 0. 0. 0. 0.]\n",
      " [0. 0. 0. 0. 0. 0. 0.]]\n"
     ]
    }
   ],
   "source": [
    "print(hilbert_matrix_linalg - hilbert_matrix)"
   ]
  },
  {
   "cell_type": "markdown",
   "metadata": {},
   "source": [
    "#### Calculate e"
   ]
  },
  {
   "cell_type": "code",
   "execution_count": 8,
   "metadata": {},
   "outputs": [],
   "source": [
    "e = np.reshape([1 if i== j else 0 for i in range(m_size) for j in range(m_size)],(m_size,m_size))"
   ]
  },
  {
   "cell_type": "code",
   "execution_count": 9,
   "metadata": {},
   "outputs": [
    {
     "name": "stdout",
     "output_type": "stream",
     "text": [
      "[[1 0 0 0 0 0 0]\n",
      " [0 1 0 0 0 0 0]\n",
      " [0 0 1 0 0 0 0]\n",
      " [0 0 0 1 0 0 0]\n",
      " [0 0 0 0 1 0 0]\n",
      " [0 0 0 0 0 1 0]\n",
      " [0 0 0 0 0 0 1]]\n"
     ]
    }
   ],
   "source": [
    "print(e)"
   ]
  },
  {
   "cell_type": "code",
   "execution_count": 14,
   "metadata": {},
   "outputs": [
    {
     "name": "stdout",
     "output_type": "stream",
     "text": [
      "[1 0 0 0 0 0 0]\n",
      "[0 1 0 0 0 0 0]\n",
      "[0 0 1 0 0 0 0]\n",
      "[0 0 0 1 0 0 0]\n",
      "[0 0 0 0 1 0 0]\n",
      "[0 0 0 0 0 1 0]\n",
      "[0 0 0 0 0 0 1]\n"
     ]
    }
   ],
   "source": [
    "for i in range(m_size):\n",
    "    print(e[i])"
   ]
  },
  {
   "cell_type": "markdown",
   "metadata": {},
   "source": [
    "#### Calculate inverse matrix and compared with library generated matrix"
   ]
  },
  {
   "cell_type": "code",
   "execution_count": 27,
   "metadata": {},
   "outputs": [
    {
     "name": "stdout",
     "output_type": "stream",
     "text": [
      "(7, 7)\n",
      "[[ 4.90000000e+01 -1.17600000e+03  8.82000001e+03 -2.94000000e+04\n",
      "   4.85100000e+04 -3.88080000e+04  1.20120000e+04]\n",
      " [-1.17600000e+03  3.76320000e+04 -3.17520000e+05  1.12896000e+06\n",
      "  -1.94040000e+06  1.59667200e+06 -5.04504000e+05]\n",
      " [ 8.82000001e+03 -3.17520000e+05  2.85768000e+06 -1.05840000e+07\n",
      "   1.87110000e+07 -1.57172400e+07  5.04504000e+06]\n",
      " [-2.94000000e+04  1.12896000e+06 -1.05840000e+07  4.03200000e+07\n",
      "  -7.27650001e+07  6.20928000e+07 -2.01801600e+07]\n",
      " [ 4.85100000e+04 -1.94040000e+06  1.87110000e+07 -7.27650001e+07\n",
      "   1.33402500e+08 -1.15259760e+08  3.78378000e+07]\n",
      " [-3.88080000e+04  1.59667200e+06 -1.57172400e+07  6.20928000e+07\n",
      "  -1.15259760e+08  1.00590336e+08 -3.32972640e+07]\n",
      " [ 1.20120000e+04 -5.04504000e+05  5.04504000e+06 -2.01801600e+07\n",
      "   3.78378000e+07 -3.32972640e+07  1.10990880e+07]]\n"
     ]
    }
   ],
   "source": [
    "h_inverse = np.array([linalg.solve(hilbert_matrix, e[i]) for i in range(m_size)])\n",
    "\n",
    "print(h_inverse.shape)\n",
    "print(h_inverse)"
   ]
  },
  {
   "cell_type": "code",
   "execution_count": 22,
   "metadata": {},
   "outputs": [
    {
     "name": "stdout",
     "output_type": "stream",
     "text": [
      "[[ 4.90000000e+01 -1.17600000e+03  8.82000001e+03 -2.94000000e+04\n",
      "   4.85100000e+04 -3.88080000e+04  1.20120000e+04]\n",
      " [-1.17600000e+03  3.76320000e+04 -3.17520000e+05  1.12896000e+06\n",
      "  -1.94040000e+06  1.59667200e+06 -5.04504000e+05]\n",
      " [ 8.82000001e+03 -3.17520000e+05  2.85768000e+06 -1.05840000e+07\n",
      "   1.87110000e+07 -1.57172400e+07  5.04504000e+06]\n",
      " [-2.94000000e+04  1.12896000e+06 -1.05840000e+07  4.03200000e+07\n",
      "  -7.27650001e+07  6.20928000e+07 -2.01801600e+07]\n",
      " [ 4.85100000e+04 -1.94040000e+06  1.87110000e+07 -7.27650001e+07\n",
      "   1.33402500e+08 -1.15259760e+08  3.78378000e+07]\n",
      " [-3.88080000e+04  1.59667200e+06 -1.57172400e+07  6.20928000e+07\n",
      "  -1.15259760e+08  1.00590336e+08 -3.32972640e+07]\n",
      " [ 1.20120000e+04 -5.04504000e+05  5.04504000e+06 -2.01801600e+07\n",
      "   3.78378000e+07 -3.32972640e+07  1.10990880e+07]]\n"
     ]
    }
   ],
   "source": [
    "print(np.linalg.inv(hilbert_matrix))"
   ]
  },
  {
   "cell_type": "code",
   "execution_count": 26,
   "metadata": {},
   "outputs": [
    {
     "name": "stdout",
     "output_type": "stream",
     "text": [
      "[[ 4.90000000e+01 -1.17600000e+03  8.82000000e+03 -2.94000000e+04\n",
      "   4.85100000e+04 -3.88080000e+04  1.20120000e+04]\n",
      " [-1.17600000e+03  3.76320000e+04 -3.17520000e+05  1.12896000e+06\n",
      "  -1.94040000e+06  1.59667200e+06 -5.04504000e+05]\n",
      " [ 8.82000000e+03 -3.17520000e+05  2.85768000e+06 -1.05840000e+07\n",
      "   1.87110000e+07 -1.57172400e+07  5.04504000e+06]\n",
      " [-2.94000000e+04  1.12896000e+06 -1.05840000e+07  4.03200000e+07\n",
      "  -7.27650000e+07  6.20928000e+07 -2.01801600e+07]\n",
      " [ 4.85100000e+04 -1.94040000e+06  1.87110000e+07 -7.27650000e+07\n",
      "   1.33402500e+08 -1.15259760e+08  3.78378000e+07]\n",
      " [-3.88080000e+04  1.59667200e+06 -1.57172400e+07  6.20928000e+07\n",
      "  -1.15259760e+08  1.00590336e+08 -3.32972640e+07]\n",
      " [ 1.20120000e+04 -5.04504000e+05  5.04504000e+06 -2.01801600e+07\n",
      "   3.78378000e+07 -3.32972640e+07  1.10990880e+07]]\n"
     ]
    }
   ],
   "source": [
    "print(scipy.linalg.invhilbert(m_size))"
   ]
  },
  {
   "cell_type": "markdown",
   "metadata": {},
   "source": [
    "#### Calculate the multiplication of Hibert Matrix and it's Inverse"
   ]
  },
  {
   "cell_type": "code",
   "execution_count": 30,
   "metadata": {},
   "outputs": [
    {
     "name": "stdout",
     "output_type": "stream",
     "text": [
      "[[ 1.00000000e+00 -2.27373675e-13 -2.25671334e-13  2.03104200e-13\n",
      "  -2.59075589e-13  8.53928039e-13 -2.02316796e-13]\n",
      " [ 1.23161798e-11  1.00000000e+00  6.34549204e-12 -8.62132588e-12\n",
      "   1.92319897e-11 -1.70687538e-11  6.80074800e-12]\n",
      " [ 9.88428383e-12 -1.16415322e-10  1.00000000e+00  9.78547910e-11\n",
      "   2.14660614e-12  1.90090092e-10 -9.03950419e-11]\n",
      " [ 1.60031988e-10  0.00000000e+00  2.27949610e-10  9.99999999e-01\n",
      "  -1.56751380e-10 -2.94699080e-10  2.00389722e-10]\n",
      " [ 2.32124351e-10 -9.31322575e-10  5.94462306e-10  1.60702585e-09\n",
      "   1.00000000e+00  1.84283059e-09 -5.33498372e-11]\n",
      " [-1.33250021e-09 -9.31322575e-10 -1.45031019e-09 -1.02302726e-09\n",
      "   2.12313117e-10  9.99999998e-01 -5.72023454e-10]\n",
      " [ 6.98491931e-10  2.32830644e-10  4.65661287e-10  0.00000000e+00\n",
      "   6.98491931e-10  1.04773790e-09  1.00000000e+00]]\n"
     ]
    }
   ],
   "source": [
    "x = h_inverse@hilbert_matrix\n",
    "print(x)"
   ]
  },
  {
   "cell_type": "code",
   "execution_count": 32,
   "metadata": {},
   "outputs": [
    {
     "name": "stdout",
     "output_type": "stream",
     "text": [
      "[[ 1.92734717e-13  2.27373675e-13  2.25671334e-13 -2.03104200e-13\n",
      "   2.59075589e-13 -8.53928039e-13  2.02316796e-13]\n",
      " [-1.23161798e-11 -2.18278728e-11 -6.34549204e-12  8.62132588e-12\n",
      "  -1.92319897e-11  1.70687538e-11 -6.80074800e-12]\n",
      " [-9.88428383e-12  1.16415322e-10 -1.75843340e-10 -9.78547910e-11\n",
      "  -2.14660614e-12 -1.90090092e-10  9.03950419e-11]\n",
      " [-1.60031988e-10  0.00000000e+00 -2.27949610e-10  6.24249763e-10\n",
      "   1.56751380e-10  2.94699080e-10 -2.00389722e-10]\n",
      " [-2.32124351e-10  9.31322575e-10 -5.94462306e-10 -1.60702585e-09\n",
      "  -3.91803479e-10 -1.84283059e-09  5.33498372e-11]\n",
      " [ 1.33250021e-09  9.31322575e-10  1.45031019e-09  1.02302726e-09\n",
      "  -2.12313117e-10  2.01905526e-09  5.72023454e-10]\n",
      " [-6.98491931e-10 -2.32830644e-10 -4.65661287e-10  0.00000000e+00\n",
      "  -6.98491931e-10 -1.04773790e-09 -2.32830644e-10]]\n"
     ]
    }
   ],
   "source": [
    "error_matrix = np.identity(7)-x\n",
    "print(error_matrix)"
   ]
  },
  {
   "cell_type": "markdown",
   "metadata": {},
   "source": [
    "#### Calculate the inverse of the inversed Hibert Matrix"
   ]
  },
  {
   "cell_type": "code",
   "execution_count": 34,
   "metadata": {},
   "outputs": [
    {
     "name": "stdout",
     "output_type": "stream",
     "text": [
      "[[ 1.10315090e-10 -1.16449073e-11 -2.91565661e-11 -3.42968987e-11\n",
      "  -3.60154406e-11 -3.65965869e-11 -3.63666597e-11]\n",
      " [ 9.72528724e-11 -4.91839902e-12 -1.96174466e-11 -2.41841269e-11\n",
      "  -2.60625410e-11 -2.67953160e-11 -2.69111816e-11]\n",
      " [ 8.67648731e-11 -1.14430687e-12 -1.38624945e-11 -1.79856130e-11\n",
      "  -1.98191463e-11 -2.06516609e-11 -2.09368634e-11]\n",
      " [ 7.82089393e-11  1.04916076e-12 -1.01632591e-11 -1.39113165e-11\n",
      "  -1.56641922e-11 -1.65311931e-11 -1.69041586e-11]\n",
      " [ 7.11291304e-11  2.36380360e-12 -7.66275932e-12 -1.10925436e-11\n",
      "  -1.27546307e-11 -1.36222700e-11 -1.40400191e-11]\n",
      " [ 6.51910192e-11  3.16455195e-12 -5.90344440e-12 -9.06147379e-12\n",
      "  -1.06328557e-11 -1.14840498e-11 -1.19226018e-11]\n",
      " [ 6.01480532e-11  3.65199537e-12 -4.62493932e-12 -7.54916962e-12\n",
      "  -9.03417618e-12 -9.86058457e-12 -1.03060754e-11]]\n"
     ]
    }
   ],
   "source": [
    "error_matrix2 = np.linalg.inv(h_inverse)-hilbert_matrix\n",
    "print(error_matrix2)"
   ]
  },
  {
   "cell_type": "code",
   "execution_count": null,
   "metadata": {},
   "outputs": [],
   "source": []
  }
 ],
 "metadata": {
  "kernelspec": {
   "display_name": "Python 3",
   "language": "python",
   "name": "python3"
  },
  "language_info": {
   "codemirror_mode": {
    "name": "ipython",
    "version": 3
   },
   "file_extension": ".py",
   "mimetype": "text/x-python",
   "name": "python",
   "nbconvert_exporter": "python",
   "pygments_lexer": "ipython3",
   "version": "3.7.1"
  }
 },
 "nbformat": 4,
 "nbformat_minor": 2
}
